1030
1032
1033
1034
1035
1036
1039
1042
1471
1479
1575
1649
1650
1652
1654
1656
1658
1660
1662
1664
1666
1668
1670
1672
1674
1676
1703
1705
1709
1716
1719
1720
1721
1723
1724
1725
1727
1736
1810
1815
1816
1834
1837
1838
1860
1872
1873
1877
1880
1913
1921
1956
1957
1961
1977
2002
2004
2008
2037
2068
2079
2175
2202
2233
2269
2291
2297
2304
2397
2398
2399
2400
2573
2590
2684
2689
2744
2769
2791
3320
3322
3332
3334
3337
3363
3374
3380
3387
3389
3393
3396
3398
3399
3400
3401
3403
3405
3418
3420
3422
3428
3429
3442
3443
3445
3446
3448
3452
3462
3501
3505
3506
3510
3516
3519
3520
3558
3582
3603
3604
3605
3612
3642
3704
3705
3708
3719
3724
3725
3726
3735
3738
3739
3741
3742
3743
3746
3757
3758
3759
3761
3780
3812
3841
3853
3855
3856
3857
3859
3863
3873
3875
3876
3877
3883
3884
3933
3934
3943
3998
4006
4009
4011
4013
4015
4022
4026
4034
4036
4038
4040
4042
4051
4059
4068
4073
4084
4282
4283
4300
4301
4318
4516
4517
4522
4528
4537
4539
4540
4545
4548
4550
4552
4554
4556
4558
4560
4561
4562
4566
4568
4570
4572
4577
4590
4599
4600
4605
4608
4611
4617
4619
4622
4702
4711
4722
4724
4728
4734
4736
4737
4745
4778
4783
4786
4788
4804
4816
4820
4844
4849
4851
4852
4855
4858
4859
4869
4877
4879
4883
4884
4885
4886
4889
4893
4895
4896
4897
4899
4903
4905
4920
4924
4930
4934
4938
4941
4943
5000
5002
5003
5004
5005
5006
5007
5009
5010
5027
5028
5029
5032
5033
5036
5039
5040
5042
5044
5045
5047
5049
5058
5060
5064
5065
5066
5070
5073
5074
5075
5076
5079
5084
5090
5091
5092
5093
5096
5097
5099
5101
5102
5103
5104
5110
5112
5115
5116
5117
5118
5120
5121
5122
5123
5125
5132
5133
5140
5144
5191
5192
5195
5196
5246
5247
5248
5249
5251
5252
5253
5254
5255
5267
5268
5271
5273
5275
5276
5277
5278
5279
5280
5281
5282
5288
5290
5291
5293
5294
5295
5297
5298
5308
5311
5313
5315
5318
5319
5320
5321
5323
5326
5328
5329
5332
5334
5341
5342
5343
5363
5364
5366
5367
5369
5373
5376
5396
5397
5398
5593
5594
5599
5635
5665
5666
5667
5668
5673
5676
5697
5778
5779
5780
5783
5790
5796
5801
5809
5811
5814
5821
5824
5825
5826
5832
5833
5834
5835
5841
5843
5845
5846
5847
5849
5856
5857
5858
5859
5860
5861
5862
5867
5868
5869
5871
5872
5873
5874
5889
5892
5893
5910
5942
5943
5951
5952
5955
6084
6095
6096
6097
6098
6099
6100
6102
6103
6104
6105
6106
6107
6110
6117
6118
6119
6122
6124
6126
6127
6132
6133
6137
6138
6139
6144
6148
6149
6150
6151
6152
6154
6158
6160
6162
6164
6165
6167
6168
6171
6172
6173
6174
6178
6182
6183
6184
6186
6189
6190
6191
6192
6196
6197
6199
6203
6204
6205
6207
6208
6209
6211
6212
6214
6215
6216
6220
6221
6223
6228
6239
6240
6243
6244
6245
6249
6251
6252
6254
6256
6257
6270
6274
6278
6394
6443
6444
6445
6449
6452
6455
6467
6501
6510
6512
6536
6540
6542
6545
6547
6548
6549
6550
6551
6552
6569
6582
6585
6603
6604
6617
6640
6641
6642
6643
6661
6665
6679
6680
6681
6682
6683
6687
6690
6775
6776
6778
6779
6827
6830
6836
6853
6885
7022
7023
7024
7025
7042
7043
7044
7045
7046
7047
7048
7049
7051
7052
7053
7054
7055
7056
7061
7071
7078
7093
7098
7103
7127
7145
7147
7159
7161
7166
7168
7171
7174
7184
7190
7259
7269
7279
7281
7285
7287
7294
7299
7300
7306
7328
7337
7338
7341
7342
7343
7344
7346
7348
7349
7350
7357
7375
7379
7387
7390
7407
7410
7413
7415
7417
7419
7423
7425
7427
7441
7445
7446
7447
7449
7455
7456
7457
7460
7461
7468
7469
7471
7472
7473
7474
7476
7491
7492
7494
7496
7498
7509
7535
7536
7537
7538
7540
7545
7547
7548
7550
7552
7553
7554
7555
7556
7557
7558
7560
7562
7564
7566
7567
7570
7573
7574
7575
7577
7578
7579
7581
7582
7584
7586
7588
7589
7591
7593
7599
7601
7602
7628
7629
7633
7636
7639
7640
7644
7646
7647
7649
7650
7651
7653
7656
7661
7666
7674
7683
7697
7698
7699
7700
7701
7702
7704
7705
7706
7709
7711
7713
7720
7723
7724
7726
7727
7731
7735
7739
7747
7748
7749
7750
7751
7752
7753
7755
7756
7763
7766
7770
7772
7773
7785
7816
7818
7826
7838
7841
7844
7845
7846
7848
7850
7851
7852
7854
7855
7856
7864
7895
7898
7899
7905
7906
7907
7913
7915
7922
7931
7934
7943
7946
7954
7959
7960
7964
7965
7967
7968
7969
8045
8054
8134